Episode,System_Avg_Reward,Rolling_100_Avg
1,-3763.55,-3763.55
2,-4161.20,-3962.37
3,-3923.70,-3949.48
4,-4197.85,-4011.58
5,-3913.97,-3992.05
6,-3772.51,-3955.46
7,-4278.56,-4001.62
8,-3874.89,-3985.78
9,-4348.99,-4026.14
10,-3936.77,-4017.20
11,-3818.00,-3999.09
12,-3665.94,-3971.33
13,-3746.09,-3954.00
14,-4318.55,-3980.04
15,-3529.44,-3950.00
16,-3371.42,-3913.84
17,-4264.30,-3934.45
18,-3719.31,-3922.50
19,-3768.32,-3914.39
20,-3479.08,-3892.62
21,-3853.92,-3890.78
22,-3625.76,-3878.73
23,-3414.04,-3858.53
24,-4139.64,-3870.24
25,-4128.21,-3880.56
26,-4122.62,-3889.87
27,-3762.64,-3885.16
28,-3739.81,-3879.97
29,-3604.85,-3870.48
30,-3389.85,-3854.46
31,-3351.78,-3838.24
32,-2832.01,-3806.80
33,-3152.54,-3786.97
34,-3131.90,-3767.71
35,-2632.88,-3735.28
36,-3054.46,-3716.37
37,-3028.30,-3697.77
38,-2911.56,-3677.08
39,-2798.64,-3654.56
40,-2825.10,-3633.82
41,-2603.86,-3608.70
42,-3024.92,-3594.80
43,-2403.84,-3567.11
44,-2692.35,-3547.23
45,-2562.20,-3525.34
46,-2516.66,-3503.41
47,-2634.92,-3484.93
48,-2686.67,-3468.30
49,-2493.09,-3448.40
50,-2357.43,-3426.58
51,-2913.07,-3416.51
52,-2259.20,-3394.25
53,-2475.81,-3376.92
54,-2596.15,-3362.47
55,-2788.53,-3352.03
56,-2862.30,-3343.28
57,-2726.18,-3332.46
58,-2276.42,-3314.25
59,-2428.06,-3299.23
60,-2262.35,-3281.95
61,-2421.47,-3267.84
62,-2624.54,-3257.47
63,-2613.34,-3247.24
64,-2207.73,-3231.00
65,-2258.30,-3216.04
66,-2639.02,-3207.29
67,-2418.01,-3195.51
68,-2600.45,-3186.76
69,-2583.41,-3178.02
70,-2349.77,-3166.19
71,-3120.85,-3165.55
72,-2462.27,-3155.78
73,-2567.00,-3147.71
74,-2118.84,-3133.81
75,-2478.60,-3125.07
76,-2391.40,-3115.42
77,-2314.83,-3105.02
78,-2653.05,-3099.23
79,-2209.33,-3087.96
80,-2144.78,-3076.17
81,-2364.91,-3067.39
82,-1976.70,-3054.09
83,-2445.82,-3046.76
84,-2110.21,-3035.61
85,-2081.83,-3024.39
86,-2110.87,-3013.77
87,-2077.06,-3003.00
88,-1891.24,-2990.37
89,-1884.18,-2977.94
90,-2066.84,-2967.82
91,-2153.02,-2958.86
92,-2055.45,-2949.04
93,-2040.96,-2939.28
94,-2106.11,-2930.42
95,-1982.27,-2920.44
96,-1954.60,-2910.38
97,-1938.56,-2900.36
98,-2059.97,-2891.78
99,-1900.29,-2881.77
100,-1823.55,-2871.18
101,-1998.82,-2853.54
102,-2103.09,-2832.96
103,-2330.46,-2817.02
104,-1911.93,-2794.16
105,-2048.91,-2775.51
106,-1895.03,-2756.74
107,-1905.59,-2733.01
108,-1852.51,-2712.79
109,-1780.66,-2687.10
110,-1796.24,-2665.70
111,-2034.29,-2647.86
112,-1816.38,-2629.36
113,-1914.10,-2611.04
114,-2012.47,-2587.98
115,-1963.58,-2572.32
116,-1943.28,-2558.04
117,-1943.59,-2534.84
118,-1796.42,-2515.61
119,-2031.03,-2498.23
120,-1785.80,-2481.30
121,-1917.54,-2461.94
122,-1950.76,-2445.19
123,-1855.50,-2429.60
124,-1847.22,-2406.68
125,-1825.77,-2383.65
126,-2181.15,-2364.24
127,-1876.86,-2345.38
128,-1698.48,-2324.97
129,-1762.39,-2306.54
130,-1601.07,-2288.66
131,-1969.28,-2274.83
132,-1977.49,-2266.29
133,-1775.66,-2252.52
134,-1724.31,-2238.44
135,-1480.12,-2226.91
136,-2016.77,-2216.54
137,-1765.56,-2203.91
138,-1780.78,-2192.60
139,-1537.05,-2179.99
140,-1501.42,-2166.75
141,-1926.10,-2159.97
142,-1805.83,-2147.78
143,-1535.01,-2139.09
144,-1521.99,-2127.39
145,-1436.68,-2116.13
146,-2202.38,-2112.99
147,-1740.47,-2104.05
148,-1709.30,-2094.27
149,-1650.50,-2085.85
150,-1714.21,-2079.41
151,-1879.24,-2069.08
152,-1688.57,-2063.37
153,-1557.53,-2054.19
154,-1403.80,-2042.26
155,-1506.50,-2029.44
156,-1716.78,-2017.99
157,-1620.16,-2006.93
158,-1373.84,-1997.90
159,-1344.23,-1987.06
160,-1456.70,-1979.01
161,-1795.70,-1972.75
162,-1498.67,-1961.49
163,-1482.31,-1950.18
164,-1352.19,-1941.62
165,-1407.80,-1933.12
166,-1922.12,-1925.95
167,-1357.52,-1915.35
168,-1565.10,-1904.99
169,-1271.58,-1891.87
170,-1148.42,-1879.86
171,-1659.39,-1865.25
172,-1457.53,-1855.20
173,-1387.95,-1843.41
174,-1259.36,-1834.81
175,-1385.70,-1823.88
176,-1537.87,-1815.35
177,-1318.71,-1805.39
178,-1162.07,-1790.48
179,-1392.72,-1782.31
180,-1139.75,-1772.26
181,-1375.47,-1762.37
182,-1175.13,-1754.35
183,-1179.98,-1741.69
184,-1114.46,-1731.73
185,-1012.20,-1721.04
186,-1580.91,-1715.74
187,-1424.66,-1709.21
188,-1285.02,-1703.15
189,-1093.18,-1695.24
190,-1198.03,-1686.55
191,-1291.72,-1677.94
192,-1145.64,-1668.84
193,-1126.87,-1659.70
194,-738.12,-1646.02
195,-953.62,-1635.74
196,-1363.38,-1629.82
197,-1209.85,-1622.54
198,-965.39,-1611.59
199,-1203.95,-1604.63
200,-1195.76,-1598.35
201,-1271.86,-1591.08
202,-1027.28,-1580.32
203,-1156.99,-1568.59
204,-1071.45,-1560.18
205,-1063.83,-1550.33
206,-988.54,-1541.27
207,-1068.28,-1532.89
208,-1235.97,-1526.73
209,-1087.19,-1519.79
210,-1184.93,-1513.68
211,-1171.99,-1505.06
212,-942.40,-1496.32
213,-1049.10,-1487.67
214,-1003.60,-1477.58
215,-951.48,-1467.46
216,-1323.90,-1461.26
217,-1029.25,-1452.12
218,-903.86,-1443.19
219,-1001.06,-1432.90
220,-1086.21,-1425.90
221,-1486.27,-1421.59
222,-1254.61,-1414.62
223,-1091.26,-1406.98
224,-960.84,-1398.12
225,-938.63,-1389.25
226,-1180.33,-1379.24
227,-992.67,-1370.40
228,-911.59,-1362.53
229,-732.45,-1352.23
230,-916.87,-1345.39
231,-1193.61,-1337.63
232,-1393.74,-1331.79
233,-1062.26,-1324.66
234,-956.63,-1316.98
235,-800.42,-1310.19
236,-785.88,-1297.88
237,-969.95,-1289.92
238,-1006.27,-1282.17
239,-700.79,-1273.81
240,-661.77,-1265.42
241,-914.01,-1255.30
242,-881.05,-1246.05
243,-823.95,-1238.94
244,-735.94,-1231.08
245,-763.33,-1224.34
246,-855.42,-1210.87
247,-924.96,-1202.72
248,-756.13,-1193.19
249,-650.24,-1183.18
250,-850.28,-1174.54
251,-1016.04,-1165.91
252,-1026.96,-1159.30
253,-478.01,-1148.50
254,-978.48,-1144.25
255,-974.43,-1138.93
256,-1150.29,-1133.26
257,-835.02,-1125.41
258,-985.77,-1121.53
259,-831.02,-1116.40
260,-772.67,-1109.56
261,-1113.06,-1102.73
262,-752.87,-1095.27
263,-1059.66,-1091.05
264,-1031.61,-1087.84
265,-1020.54,-1083.97
266,-1166.03,-1076.41
267,-742.36,-1070.26
268,-844.23,-1063.05
269,-790.24,-1058.23
270,-691.64,-1053.67
271,-1141.40,-1048.49
272,-967.76,-1043.59
273,-813.67,-1037.85
274,-683.98,-1032.09
275,-708.41,-1025.32
276,-1099.91,-1020.94
277,-777.48,-1015.53
278,-875.33,-1012.66
279,-1045.77,-1009.19
280,-625.87,-1004.05
281,-983.00,-1000.13
282,-870.53,-997.08
283,-846.95,-993.75
284,-790.40,-990.51
285,-706.03,-987.45
286,-1020.45,-981.84
287,-740.85,-975.01
288,-771.68,-969.87
289,-808.67,-967.03
290,-869.92,-963.75
291,-873.73,-959.57
292,-840.03,-956.51
293,-662.28,-951.86
294,-687.69,-951.36
295,-785.43,-949.68
296,-1121.98,-947.26
297,-747.91,-942.64
298,-629.09,-939.28
299,-638.78,-933.63
300,-731.30,-928.99
301,-998.80,-926.25
302,-598.50,-921.97
303,-586.25,-916.26
304,-903.60,-914.58
305,-653.55,-910.48
306,-698.62,-907.58
307,-765.11,-904.55
308,-588.41,-898.07
309,-613.49,-893.33
310,-628.82,-887.77
311,-818.70,-884.24
312,-762.25,-882.44
313,-622.37,-878.17
314,-623.93,-874.38
315,-729.54,-872.16
316,-726.36,-866.18
317,-650.60,-862.39
318,-758.06,-860.94
319,-655.88,-857.48
320,-491.95,-851.54
321,-673.87,-843.42
322,-748.62,-838.36
323,-670.70,-834.15
324,-549.39,-830.04
325,-508.88,-825.74
326,-769.28,-821.63
327,-617.34,-817.88
328,-487.53,-813.64
329,-554.72,-811.86
330,-564.55,-808.34
331,-507.06,-801.47
332,-673.88,-794.27
333,-677.72,-790.43
334,-574.21,-786.60
335,-653.16,-785.13
336,-640.69,-783.68
337,-598.12,-779.96
338,-713.94,-777.04
339,-481.23,-774.84
340,-496.22,-773.18
341,-627.78,-770.32
342,-813.30,-769.64
343,-616.22,-767.57
344,-427.08,-764.48
345,-514.07,-761.99
346,-773.01,-761.16
347,-639.71,-758.31
348,-472.85,-755.48
349,-510.93,-754.08
350,-441.13,-749.99
351,-643.87,-746.27
352,-646.34,-742.46
353,-290.81,-740.59
354,-679.53,-737.60
355,-505.00,-732.91
356,-559.24,-727.00
357,-521.08,-723.86
358,-660.77,-720.61
359,-627.85,-718.58
360,-520.00,-716.05
361,-583.47,-710.75
362,-620.28,-709.43
363,-595.11,-704.78
364,-465.47,-699.12
365,-498.83,-693.90
366,-693.17,-689.18
367,-594.68,-687.70
368,-485.31,-684.11
369,-461.10,-680.82
370,-210.93,-676.01
371,-612.94,-670.73
372,-538.92,-666.44
373,-517.70,-663.48
374,-438.82,-661.03
375,-451.39,-658.46
376,-580.46,-653.26
377,-540.24,-650.89
378,-441.94,-646.56
379,-465.76,-640.76
380,-338.47,-637.88
381,-451.11,-632.56
382,-591.82,-629.78
383,-404.16,-625.35
384,-526.36,-622.71
385,-261.07,-618.26
386,-500.34,-613.06
387,-467.33,-610.32
388,-439.42,-607.00
389,-444.32,-603.36
390,-423.82,-598.89
391,-618.50,-596.34
392,-438.48,-592.33
393,-411.96,-589.82
394,-413.81,-587.08
395,-320.18,-582.43
396,-412.68,-575.34
397,-518.21,-573.04
398,-419.22,-570.94
399,-353.24,-568.09
400,-310.14,-563.88
401,-492.82,-558.82
402,-348.68,-556.32
403,-469.13,-555.15
404,-310.80,-549.22
405,-185.20,-544.54
406,-477.46,-542.32
407,-224.10,-536.91
408,-389.73,-534.93
409,-287.59,-531.67
410,-157.57,-526.96
411,-395.91,-522.73
412,-431.98,-519.43
413,-333.46,-516.54
414,-387.96,-514.18
415,-495.40,-511.84
416,-512.72,-509.70
417,-443.66,-507.63
418,-337.65,-503.43
419,-380.64,-500.67
420,-366.52,-499.42
421,-325.67,-495.94
422,-672.40,-495.17
423,-136.70,-489.83
424,-228.16,-486.62
425,-129.40,-482.83
426,-325.88,-478.39
427,-413.57,-476.36
428,-363.55,-475.12
429,-345.14,-473.02
430,-273.28,-470.11
431,-337.39,-468.41
432,-391.55,-465.59
433,-209.33,-460.90
434,-279.67,-457.96
435,-354.96,-454.98
436,-347.29,-452.04
437,-158.11,-447.64
438,-161.20,-442.11
439,-414.73,-441.45
440,-268.13,-439.17
441,-357.52,-436.47
442,-286.76,-431.20
443,-253.89,-427.58
444,-150.70,-424.81
445,-173.94,-421.41
446,-473.99,-418.42
447,-244.97,-414.47
448,-223.96,-411.99
449,-312.91,-410.01
450,-220.75,-407.80
451,-294.01,-404.30
452,-188.66,-399.73
453,-131.68,-398.14
454,-151.56,-392.86
455,-274.42,-390.55
456,-309.14,-388.05
457,-244.24,-385.28
458,-186.76,-380.54
459,-203.63,-376.30
460,-256.36,-373.66
461,-194.33,-369.77
462,-336.01,-366.93
463,-233.89,-363.32
464,-213.02,-360.79
465,-51.62,-356.32
466,-288.18,-352.27
467,-77.90,-347.10
468,-103.62,-343.28
469,-132.16,-339.99
470,-24.05,-338.13
471,-192.59,-333.92
472,-65.38,-329.19
473,-158.68,-325.60
474,-84.68,-322.06
475,-26.58,-317.81
476,-172.04,-313.72
477,-140.85,-309.73
478,-144.44,-306.75
479,-7.67,-302.17
480,-109.12,-299.88
481,-409.04,-299.46
482,-343.22,-296.97
483,-314.16,-296.07
484,-479.84,-295.61
485,-421.16,-297.21
486,-601.55,-298.22
487,-571.05,-299.26
488,-355.96,-298.42
489,-676.11,-300.74
490,-259.08,-299.09
491,-416.09,-297.07
492,-264.00,-295.32
493,-122.69,-292.43
494,0.59,-288.29
495,-96.99,-286.06
496,-233.29,-284.26
497,-104.81,-280.13
498,-237.15,-278.31
499,-223.95,-277.01
500,-97.56,-274.89
