Episode,System_Avg_Reward,Rolling_100_Avg
1,-164.53,-164.53
2,-184.30,-174.41
3,-208.72,-185.85
4,-174.50,-183.01
5,-192.26,-184.86
6,-203.30,-187.94
7,-279.51,-201.02
8,-269.84,-209.62
9,-234.56,-212.39
10,-233.57,-214.51
11,-176.02,-211.01
12,-151.76,-206.07
13,-218.35,-207.02
14,-179.76,-205.07
15,-158.87,-201.99
16,-190.52,-201.27
17,-170.41,-199.46
18,-204.65,-199.75
19,-167.90,-198.07
20,-193.68,-197.85
21,-215.93,-198.71
22,-201.67,-198.85
23,-188.13,-198.38
24,-183.43,-197.76
25,-196.55,-197.71
26,-214.05,-198.34
27,-190.13,-198.03
28,-161.31,-196.72
29,-215.01,-197.35
30,-172.76,-196.53
31,-160.08,-195.36
32,-183.65,-194.99
33,-164.61,-194.07
34,-149.89,-192.77
35,-142.33,-191.33
36,-151.17,-190.21
37,-150.91,-189.15
38,-213.88,-189.80
39,-147.61,-188.72
40,-158.19,-187.96
41,-188.57,-187.97
42,-174.56,-187.65
43,-173.61,-187.33
44,-186.08,-187.30
45,-156.52,-186.61
46,-141.14,-185.63
47,-164.69,-185.18
48,-171.92,-184.90
49,-163.72,-184.47
50,-155.49,-183.89
51,-148.16,-183.19
52,-154.84,-182.65
53,-122.87,-181.52
54,-161.85,-181.15
55,-184.24,-181.21
56,-168.06,-180.98
57,-170.63,-180.79
58,-178.58,-180.76
59,-154.55,-180.31
60,-130.38,-179.48
61,-199.16,-179.80
62,-132.89,-179.05
63,-176.39,-179.00
64,-149.23,-178.54
65,-133.30,-177.84
66,-193.89,-178.09
67,-165.91,-177.90
68,-193.25,-178.13
69,-141.02,-177.59
70,-145.51,-177.13
71,-171.26,-177.05
72,-169.65,-176.95
73,-126.38,-176.25
74,-150.05,-175.90
75,-136.78,-175.38
76,-136.10,-174.86
77,-151.75,-174.56
78,-154.97,-174.31
79,-166.63,-174.21
80,-145.47,-173.85
81,-169.83,-173.80
82,-144.27,-173.44
83,-152.44,-173.19
84,-140.65,-172.80
85,-184.01,-172.94
86,-167.92,-172.88
87,-130.17,-172.39
88,-152.43,-172.16
89,-118.25,-171.55
90,-159.43,-171.42
91,-131.48,-170.98
92,-143.09,-170.68
93,-147.31,-170.43
94,-135.02,-170.05
95,-119.69,-169.52
96,-170.83,-169.53
97,-163.21,-169.47
98,-121.62,-168.98
99,-149.55,-168.78
100,-131.54,-168.41
101,-174.64,-168.51
102,-151.88,-168.19
103,-115.36,-167.25
104,-112.05,-166.63
105,-123.98,-165.95
106,-133.01,-165.24
107,-134.89,-163.80
108,-104.61,-162.15
109,-134.93,-161.15
110,-108.82,-159.90
111,-166.18,-159.80
112,-140.52,-159.69
113,-99.99,-158.51
114,-194.61,-158.66
115,-134.35,-158.41
116,-144.05,-157.95
117,-129.81,-157.54
118,-160.53,-157.10
119,-110.61,-156.53
120,-201.54,-156.60
121,-117.54,-155.62
122,-141.18,-155.02
123,-124.75,-154.38
124,-325.65,-155.80
125,-221.71,-156.06
126,-140.84,-155.32
127,-96.44,-154.39
128,-140.67,-154.18
129,-150.49,-153.53
130,-155.49,-153.36
131,-126.98,-153.03
132,-133.44,-152.53
133,-138.04,-152.26
134,-118.29,-151.95
135,-107.84,-151.60
136,-144.20,-151.53
137,-140.57,-151.43
138,-105.10,-150.34
139,-145.35,-150.32
140,-110.65,-149.84
141,-99.88,-148.96
142,-134.89,-148.56
143,-88.66,-147.71
144,-107.91,-146.93
145,-144.32,-146.81
146,-103.68,-146.43
147,-117.22,-145.96
148,-117.47,-145.41
149,-193.36,-145.71
150,-200.32,-146.16
151,-145.68,-146.13
152,-168.70,-146.27
153,-115.52,-146.20
154,-149.79,-146.08
155,-110.39,-145.34
156,-133.63,-144.99
157,-100.19,-144.29
158,-93.01,-143.43
159,-144.91,-143.34
160,-189.40,-143.93
161,-105.18,-142.99
162,-99.93,-142.66
163,-105.60,-141.95
164,-126.26,-141.72
165,-164.69,-142.04
166,-130.70,-141.40
167,-132.12,-141.07
168,-91.75,-140.05
169,-106.17,-139.70
170,-108.43,-139.33
171,-127.86,-138.90
172,-132.50,-138.53
173,-127.44,-138.54
174,-122.17,-138.26
175,-231.91,-139.21
176,-143.44,-139.28
177,-124.25,-139.01
178,-167.05,-139.13
179,-132.52,-138.79
180,-132.26,-138.65
181,-90.50,-137.86
182,-115.79,-137.58
183,-106.84,-137.12
184,-128.31,-137.00
185,-156.21,-136.72
186,-80.50,-135.85
187,-67.93,-135.22
188,-85.34,-134.55
189,-95.77,-134.33
190,-105.68,-133.79
191,-109.84,-133.57
192,-114.03,-133.28
193,-96.51,-132.77
194,-93.84,-132.36
195,-103.10,-132.20
196,-83.27,-131.32
197,-100.74,-130.70
198,-82.02,-130.30
199,-104.00,-129.84
200,-100.46,-129.53
201,-108.11,-128.87
202,-97.01,-128.32
203,-125.97,-128.43
204,-133.03,-128.64
205,-107.36,-128.47
206,-82.15,-127.96
207,-117.67,-127.79
208,-88.21,-127.63
209,-99.22,-127.27
210,-139.32,-127.57
211,-103.22,-126.94
212,-135.29,-126.89
213,-116.71,-127.06
214,-72.78,-125.84
215,-138.60,-125.88
216,-109.58,-125.54
217,-128.95,-125.53
218,-104.30,-124.97
219,-124.48,-125.11
220,-107.34,-124.16
221,-81.84,-123.81
222,-85.45,-123.25
223,-91.22,-122.91
224,-92.32,-120.58
225,-100.68,-119.37
226,-60.98,-118.57
227,-103.12,-118.64
228,-158.16,-118.81
229,-93.81,-118.25
230,-133.07,-118.02
231,-105.71,-117.81
232,-58.61,-117.06
233,-90.91,-116.59
234,-69.30,-116.10
235,-117.76,-116.20
236,-109.15,-115.85
237,-116.59,-115.61
238,-126.34,-115.82
239,-193.78,-116.31
240,-164.36,-116.84
241,-68.82,-116.53
242,-142.15,-116.61
243,-90.64,-116.62
244,-83.31,-116.38
245,-75.29,-115.69
246,-75.14,-115.40
247,-186.43,-116.10
248,-134.42,-116.26
249,-80.36,-115.13
250,-87.10,-114.00
251,-110.94,-113.66
252,-62.71,-112.60
253,-64.90,-112.09
254,-110.12,-111.69
255,-91.75,-111.51
256,-107.63,-111.25
257,-68.86,-110.93
258,-100.54,-111.01
259,-77.79,-110.34
260,-50.28,-108.95
261,-82.94,-108.72
262,-51.34,-108.24
263,-57.79,-107.76
264,-66.67,-107.16
265,-68.67,-106.20
266,-79.10,-105.69
267,-103.27,-105.40
268,-52.49,-105.01
269,-111.32,-105.06
270,-59.65,-104.57
271,-111.74,-104.41
272,-79.98,-103.88
273,-163.13,-104.24
274,-81.18,-103.83
275,-82.75,-102.34
276,-84.00,-101.74
277,-59.84,-101.10
278,-116.64,-100.60
279,-86.28,-100.13
280,-131.05,-100.12
281,-84.69,-100.06
282,-57.58,-99.48
283,-65.21,-99.07
284,-138.14,-99.16
285,-85.09,-98.45
286,-86.84,-98.52
287,-122.41,-99.06
288,-66.54,-98.87
289,-43.30,-98.35
290,-80.20,-98.09
291,-75.90,-97.75
292,-155.43,-98.17
293,-83.46,-98.04
294,-69.20,-97.79
295,-118.49,-97.94
296,-102.31,-98.14
297,-57.97,-97.71
298,-101.72,-97.90
299,-58.08,-97.45
300,-97.73,-97.42
301,-70.81,-97.04
302,-73.29,-96.81
303,-74.85,-96.30
304,-71.77,-95.68
305,-62.21,-95.23
306,-52.36,-94.93
307,-85.47,-94.61
308,-84.13,-94.57
309,-57.22,-94.15
310,-46.19,-93.22
311,-86.56,-93.05
312,-51.31,-92.21
313,-76.28,-91.81
314,-61.89,-91.70
315,-52.56,-90.84
316,-77.81,-90.52
317,-92.66,-90.16
318,-125.31,-90.37
319,-55.54,-89.68
320,-49.09,-89.10
321,-87.57,-89.16
322,-34.10,-88.64
323,-56.59,-88.30
324,-57.77,-87.95
325,-76.96,-87.71
326,-84.58,-87.95
327,-55.54,-87.47
328,-97.75,-86.87
329,-96.25,-86.89
330,-56.22,-86.12
331,-122.78,-86.30
332,-41.41,-86.12
333,-51.01,-85.72
334,-57.82,-85.61
335,-89.15,-85.32
336,-67.82,-84.91
337,-55.64,-84.30
338,-76.47,-83.80
339,-41.63,-82.28
340,-72.78,-81.36
341,-74.46,-81.42
342,-49.90,-80.50
343,-27.98,-79.87
344,-55.97,-79.60
345,-65.38,-79.50
346,-125.38,-80.00
347,-80.61,-78.94
348,-67.00,-78.27
349,-22.52,-77.69
350,-35.93,-77.18
351,-23.73,-76.31
352,-36.10,-76.04
353,-43.34,-75.83
354,-70.26,-75.43
355,-82.50,-75.33
356,-54.38,-74.80
357,-47.98,-74.59
358,-41.50,-74.00
359,-54.10,-73.77
360,-55.36,-73.82
361,-33.31,-73.32
362,-40.57,-73.21
363,-76.74,-73.40
364,-40.83,-73.14
365,-54.74,-73.00
366,-66.06,-72.87
367,-42.29,-72.26
368,-32.02,-72.06
369,-51.09,-71.46
370,-39.57,-71.26
371,-50.82,-70.65
372,-47.55,-70.32
373,-28.17,-68.97
374,-87.69,-69.04
375,-28.91,-68.50
376,-124.80,-68.91
377,-77.60,-69.09
378,-52.12,-68.44
379,-39.36,-67.97
380,-50.79,-67.17
381,-28.36,-66.61
382,-48.01,-66.51
383,-60.88,-66.47
384,-40.11,-65.49
385,-34.77,-64.98
386,-74.69,-64.86
387,-53.68,-64.17
388,-40.21,-63.91
389,-43.84,-63.92
390,-30.13,-63.42
391,-43.21,-63.09
392,-41.71,-61.95
393,-48.25,-61.60
394,-47.16,-61.38
395,-16.66,-60.36
396,-7.40,-59.41
397,-50.89,-59.34
398,-39.29,-58.72
399,-31.90,-58.45
400,-36.26,-57.84
401,-41.17,-57.54
402,-72.76,-57.54
403,-25.53,-57.04
404,-41.35,-56.74
405,-68.69,-56.81
406,-127.67,-57.56
407,-41.73,-57.12
408,-26.87,-56.55
409,-27.43,-56.25
410,-29.39,-56.08
411,-61.07,-55.83
412,-16.64,-55.48
413,-35.24,-55.07
414,-41.80,-54.87
415,-11.38,-54.46
416,-63.68,-54.32
417,-57.47,-53.96
418,-41.67,-53.13
419,-118.16,-53.75
420,-47.92,-53.74
421,-37.29,-53.24
422,-38.86,-53.29
423,-19.43,-52.92
424,1.89,-52.32
425,-36.73,-51.92
426,-117.83,-52.25
427,-40.27,-52.10
428,-60.92,-51.73
429,-36.33,-51.13
430,-37.87,-50.95
431,-67.65,-50.39
432,-32.15,-50.30
433,-67.65,-50.47
434,-48.69,-50.38
435,-35.35,-49.84
436,-92.98,-50.09
437,-60.29,-50.14
438,-47.15,-49.84
439,-74.41,-50.17
440,-47.95,-49.92
441,-32.26,-49.50
442,-20.54,-49.21
443,-17.80,-49.11
444,-26.19,-48.81
445,-60.49,-48.76
446,-94.98,-48.46
447,-140.94,-49.06
448,-53.91,-48.93
449,-30.60,-49.01
450,-33.19,-48.98
451,-47.34,-49.22
452,-21.55,-49.07
453,-9.51,-48.73
454,-22.56,-48.26
455,-11.39,-47.55
456,-19.94,-47.20
457,-49.56,-47.22
458,-55.67,-47.36
459,-27.67,-47.09
460,-30.10,-46.84
461,-26.24,-46.77
462,-35.96,-46.72
463,5.61,-45.90
464,-48.30,-45.98
465,-23.74,-45.67
466,-25.45,-45.26
467,-32.85,-45.17
468,-25.66,-45.10
469,-18.92,-44.78
470,-103.22,-45.42
471,-47.92,-45.39
472,-72.21,-45.63
473,-86.05,-46.21
474,-15.87,-45.49
475,-28.15,-45.49
476,-43.00,-44.67
477,-33.45,-44.23
478,-55.98,-44.27
479,-27.16,-44.14
480,-77.86,-44.41
481,-91.16,-45.04
482,-129.97,-45.86
483,-86.18,-46.12
484,-44.56,-46.16
485,-50.55,-46.32
486,-81.85,-46.39
487,-4.15,-45.89
488,-30.49,-45.80
489,-11.04,-45.47
490,-14.04,-45.31
491,-6.76,-44.94
492,-23.67,-44.76
493,-133.38,-45.61
494,-30.33,-45.45
495,-39.90,-45.68
496,-27.71,-45.88
497,-17.27,-45.55
498,-81.44,-45.97
499,-14.65,-45.79
500,-53.89,-45.97
